51
59
70
26
25
10
10
33
16
20
52
80
8
71
28
8
38
36
77
50
20
75
67
39
40
37
87
57
91
73
33
2
48
30
42
90
1
99
6
71
79
31
93
64
3
62
60
51
65
91
77
63
48
76
70
51
10
80
33
96
6
34
49
91
86
87
62
97
5
89
41
22
7
39
14
29
19
97
36
75
90
63
59
26
29
45
84
12
78
95
21
68
14
79
15
43
22
83
56
94
46
40
24
42
82
3
66
72
83
14
9
13
48
64
5
71
73
96
31
64
87
75
87
17
66
53
45
62
31
55
74
8
85
28
29
84
43
99
26
72
71
48
97
32
43
84
17
64
28
18
63
87
62
31
36
67
28
85
11
5
20
53
13
5
48
82
95
74
86
51
62
45
94
44
52
65
73
47
55
68
10
31
76
46
46
33
65
68
16
53
19
61
23
38
54
46
55
29
78
17
45
8
33
59
66
34
75
68
43
27
14
86
64
89
67
34
57
36
69
29
71
84
22
11
92
10
72
8
19
9
39
54
18
12
71
18
56
86
68
98
84
54
19
31
77
26
35
59
22
26
77
9
95
41
1
73
7
6
22
41
85
76
36
68
69
16
76
66
39
47
14
34
83
46
58
17
42
87
27
44
31
99
10
97
47
58
82
73
97
59
90
69
86
24
13
74
75
29
96
5
96
47
8
24
76
17
99
42
28
70
36
56
32
47
66
31
83
94
86
99
29
64
76
60
90
62
60
60
32
38
22
16
3
28
72
56
59
44
65
27
60
93
100
99
41
28
16
14
61
8
73
100
61
79
9
42
78
40
84
37
83
66
52
75
55
80
60
48
95
2
30
22
91
97
14
12
35
16
84
36
11
65
54
18
14
74
5
20
1
87
58
83
27
21
12
21
74
89
79
95
41
85
81
21
82
70
89
50
98
89
22
1
12
1
42
66
11
58
58
39
44
100
38
16
95
22
95
32
14
19
10
60
62
93
39
1
35
38
14
7
49
39
8
22
73
35
72
62
7
57
22
61
12
45
13
22
55
65
88
19
13
80
86
52
14
79
51
31
38
9
97
41
48
40
61
79
91
91
71
92
97
1
78
57
47
76
82
35
30
76
15
65
91
23
65
23
44
62
76
92
43
35
92
99
26
67
16
82
93
92
72
95
84
5
41
78
6
71
73
88
20
1
13
97
3
4
63
84
44
38
10
83
89
7
91
91
8
38
13
22
25
17
52
74
58
73
35
59
26
49
96
18
19
38
93
18
44
50
100
42
4
53
74
61
92
9
46
63
6
68
19
76
36
35
21
7
49
84
23
67
20
61
3
84
73
27
22
25
80
17
22
81
65
34
61
43
3
68
25
6
93
94
40
14
46
90
81
56
15
48
21
42
23
91
7
50
99
16
59
19
64
39
55
75
81
82
71
90
60
47
29
44
66
89
32
56
59
42
88
57
55
83
92
30
22
23
4
15
100
61
47
8
88
99
21
65
82
100
64
86
86
60
91
66
57
36
97
9
2
80
30
6
31
3
84
79
84
38
65
48
1
45
53
72
54
60
48
93
27
65
42
57
96
38
6
51
23
12
68
19
23
41
18
46
32
47
20
85
40
29
87
82
70
80
70
73
92
94
23
34
23
91
29
95
79
76
71
99
39
4
72
21
15
82
33
29
18
90
54
28
60
16
24
31
80
89
86
60
70
62
98
28
2
61
98
61
62
44
93
73
38
40
28
52
44
11
64
9
60
80
69
32
21
76
100
12
56
79
11
60
80
92
73
70
34
48
31
38
73
41
40
82
50
52
31
28
98
49
47
25
73
32
55
89
20
55
84
42
10
77
88
10
41
18
82
21
53
12
1
64
69
41
9
95
44
72
65
90
60
91
65
58
59
59
88
42
48
51
36
99
67
100
34
33
11
81
7
95
44
5
54
92
64
5
20
65
2
99
23
38
100
32
94
34
89
51
73
81
64
21
69
65
85
96
27
93
70
97
15
22
85
11
28
27
58
42
37
1
97
47
90
31
67
47
41
25
9
69
43
63
79
68
83
74
1
19
89
69
57
68
19
74
64
20
36
74
54
11
75
95
48
29
12
28
64
58
42
15
25
63
12
90
10
40
29
46
85
90
70
4
46
60
65
45
86
92
89
95
75
12
26
87
49
71
63
33
73
74
11
47
47
81
24
10
35
9
82
49
58
72
50
15
97
62
71
18
32
26
1
91
56
23
77
54
64
26
100
97
77
13
89
95
99
88
83
21
75
98
65
39
